+04222222
+04222333
+04222557
+04223939
+04240020
+04240025
+04240078
+04240082
+04240088
+04240132
+04240298
+04240454
+04240642
+04240673
+04240706
+04240803
+04240842
+04240925
+04241117
+04241197
+04241331
+04241413
+04241446
+04241771
+04241792
+04241810
+04241888
+04242092
+04242164
+04242189
+04242213
+04242214
+04242279
+04242357
+04242466
+04242547
+04242789
+04242957
+04243011
+04243088
+04243189
+04243322
+04243396
+04243517
+04243521
+04243764
+04243797
+04243868
+04243914
+04243947
+04243999